22..00
8.00
8.00
8.00
8.00
8.00
8.00
8.00
8.00
8.00
8.00
8.00
8.00
8.00
8.8.00
8.00
8.00
8.00
8.00
8.00
8.00
8.00
8.00
8.00
8.00
8.00
8.00
8.00
8.00
8.00
8.00
8.00
8.00
8.00
8.00
8.8.00
8.00
8.00
8.00
8.00
8.00
8.00
8.00
8.00
8.00
8.00
8.00
8.00
8.00
8.00
8.00
8.00
8.00
8.00
8.00
8.00
8.00
8.00
8.00
8.00
8.00
8.00
8.00
8.00
8.00
8.00
8.00
8.00
8.00
8.00
8.00
8.00
8.00
8.00
8.00
8.00
8.00
8.00
8.00
8.00
8.00
8.00
8.00
8.00
8.00
8.00
8.00
8.00
8.00
8.00
8.00
8.00
8.00
8.00
8.00
8.00
8.00
8.00
8.00
8.00
8.00
8.00
8.00
8.00
8.00
8.00
8.00
8.00
8.00
8.00
8.00
8.00
8.00
8.00
8.00
8.00
8.00
8.00
8.00
8.00
8.00
8.00
8.00
8.00
8.00
8.00
8.00
8.00
8.00
8.00
8.00
8.00
8.00
7.00
8.00
8.00
8.00
8.00
8.00
8.00
8.00
8.00
8.00
8.00
8.00
8.00
8.00
8.00
8.00
8.00
8.00
8.00
8.00
8.00
8.00
8.00
8.00
8.00
8.00
8.00
8.00
8.00
8.00
8.00
9.00
8.00
8.00
8.00
8.00
8.00
8.00
8.00
8.00
8.00
8.00
8.00
8.00
8.00
8.00
8.00
8.00
8.00
8.00
8.00
8.00
8.00
8.00
21.00
45.00
158.00
285.00
479.00
643.00
655.00
655.00
655.00
655.00
655.00
655.00
655.00
655.00
655.00
655.00
655.00
655.00
655.00
655.00
655.00
655.00
655.00
655.00
655.00
655.00
655.00
655.00
655.00
655.00
655.00
655.00
655.00
655.00
655.00
655.00
655.00
655.00
655.00
655.00
655.00
655.00
655.00
655.00
655.00
655.00
655.00
655.00
655.00
655.00
655.00
655.00
655.00
655.00
655.00
655.00
655.00
655.00
655.00
655.00
655.00
655.00
655.00
655.00
655.00
655.00
655.00
655.00
655.00
655.00
655.00
655.00
655.00
655.00
655.00
655.00
655.00
655.00
655.00
655.00
655.00
655.00
655.00
655.00
655.00
654.00
655.00
655.00
655.00
655.00
655.00
655.00
655.00
655.00
655.00
655.00
655.00
655.00
655.00
655.00
654.00
655.00
655.00
655.00
655.00
655.00
655.00
655.00
654.00
655.00
654.00
655.00
655.00
655.00
655.00
654.00
655.00
654.00
655.00
655.00
654.00
655.00
654.00
655.00
654.00
655.00
655.00
655.00
655.00
654.00
654.00
654.00
654.00
654.00
654.00
654.00
654.00
654.00
654.00
654.00
654.00
654.00
654.00
654.00
654.00
654.00
654.00
654.00
654.00
654.00
654.00
654.00
654.00
654.00
654.00
654.00
654.00
654.00
654.00
654.00
654.00
654.00
654.00
654.00
654.00
655.00
654.00
654.00
654.00
654.00
654.00
655.00
654.00
654.00
654.00
654.00
654.00
654.00
655.00
654.00
654.00
654.00
654.00
654.00
655.00
654.00
654.00
655.00
654.00
654.00
654.00
654.00
654.00
654.00
654.00
654.00
654.00
654.00
654.00
654.00
654.00
654.00
654.00
654.00
654.00
654.00
655.00
654.00
654.00
654.00
654.00
654.00
655.00
654.00
654.00
654.00
654.00
654.00
654.00
655.00
655.00
654.00
654.00
654.00
655.00
654.00
654.00
655.00
654.00
654.00
655.00
655.00
654.00
654.00
654.00
654.00
654.00
654.00
654.00
654.00
654.00
654.00
654.00
654.00
654.00
654.00
655.00
654.00
655.00
654.00
654.00
654.00
654.00
655.00
654.00
654.00
654.00
655.00
654.00
655.00
654.00
655.00
654.00
655.00
654.00
655.00
654.00
654.00
655.00
654.00
654.00
654.00
655.00
655.00
654.00
654.00
655.00
655.00
655.00
655.00
655.00
655.00
655.00
655.00
655.00
655.00
655.00
655.00
655.00
655.00
655.00
655.00
655.00
655.00
654.00
655.00
655.00
655.00
655.00
655.00
655.00
655.00
655.00
655.00
655.00
655.00
655.00
655.00
655.00
655.00
655.00
654.00
655.00
655.00
655.00
655.00
655.00
655.00
655.00
655.00
655.00
655.00
655.00
655.00
655.00
655.00
655.00
655.00
655.00
655.00
655.00
655.00
655.00
655.00
655.00
655.00
655.00
655.00
655.00
655.00
655.00
655.00
655.00
655.00
655.00
655.00
655.00
655.00
655.00
655.00
654.00
655.00
655.00
655.00
655.00
655.00
655.00
655.00
655.00
655.00
655.00
655.00
655.00
655.00
655.00
655.00
655.00
655.00
655.00
655.00
655.00
655.00
655.00
655.00
655.00
655.00
652.00
637.00
621.00
607.00
593.00
579.00
567.00
554.00
542.00
531.00
520.00
509.00
498.00
488.00
478.00
468.00
459.00
449.00
440.00
431.00
422.00
413.00
405.00
397.00
389.00
381.00
373.00
366.00
358.00
351.00
344.00
336.00
329.00
322.00
315.00
309.00
302.00
296.00
289.00
274.00
242.00
244.00
241.00
235.00
247.00
241.00
243.00
245.00
245.00
254.00
256.00
252.00
264.00
266.00
269.00
278.00
277.00
287.00
293.00
293.00
305.00
308.00
312.00
322.00
320.00
329.00
336.00
336.00
347.00
351.00
353.00
366.00
368.00
368.00
374.00
374.00
386.00
392.00
390.00
402.00
401.00
407.00
417.00
411.00
421.00
428.00
424.00
437.00
435.00
439.00
447.00
445.00
452.00
457.00
457.00
464.00
465.00
467.00
473.00
473.00
473.00
484.00
477.00
488.00
488.00
487.00
493.00
495.00
496.00
503.00
501.00
507.00
511.00
507.00
515.00
517.00
516.00
529.00
521.00
529.00
534.00
529.00
539.00
539.00
537.00
549.00
541.00
549.00
554.00
549.00
555.00
558.00
553.00
560.00
562.00
565.00
574.00
565.00
567.00
574.00
568.00
578.00
574.00
573.00
583.00
579.00
578.00
586.00
580.00
587.00
587.00
586.00
593.00
588.00
593.00
594.00
592.00
598.00
598.00
596.00
603.00
599.00
598.00
605.00
601.00
601.00
603.00
599.00
605.00
604.00
600.00
609.00
600.00
606.00
607.00
604.00
606.00
608.00
601.00
610.00
607.00
605.00
611.00
603.00
610.00
609.00
604.00
611.00
609.00
608.00
614.00
605.00
611.00
614.00
605.00
613.00
609.00
610.00
614.00
610.00
613.00
618.00
611.00
612.00
611.00
611.00
614.00
608.00
611.00
613.00
609.00
612.00
612.00
607.00
615.00
609.00
608.00
614.00
608.00
611.00
610.00
606.00
613.00
610.00
606.00
616.00
606.00
609.00
610.00
606.00
609.00
605.00
602.00
608.00
604.00
600.00
604.00
596.00
604.00
599.00
594.00
600.00
595.00
593.00
597.00
589.00
593.00
603.00
588.00
589.00
587.00
582.00
590.00
585.00
585.00
585.00
580.00
583.00
579.00
575.00
583.00
577.00
574.00
577.00
574.00
576.00
574.00
575.00
636.00
582.00
638.00
597.00
628.00
654.00
650.00
609.00
620.00
655.00
652.00
655.00
642.00
646.00
655.00
655.00
655.00
655.00
655.00
655.00
655.00
655.00
655.00
655.00
654.00
655.00
655.00
655.00
655.00
655.00
655.00
655.00
655.00
655.00
655.00
655.00
655.00
655.00
655.00
655.00
655.00
655.00
655.00
655.00
655.00
655.00
655.00
655.00
655.00
655.00
655.00
655.00
655.00
655.00
655.00
655.00
655.00
655.00
655.00
654.00
655.00
655.00
655.00
655.00
655.00
655.00
655.00
655.00
655.00
654.00
655.00
655.00
655.00
655.00
655.00
655.00
655.00
655.00
655.00
655.00
655.00
655.00
655.00
655.00
655.00
655.00
655.00
655.00
654.00
655.00
655.00
654.00
655.00
655.00
655.00
655.00
655.00
654.00
655.00
654.00
654.00
655.00
654.00
655.00
654.00
655.00
655.00
655.00
655.00
655.00
654.00
655.00
654.00
655.00
655.00
655.00
607.00
655.00
655.00
654.00
655.00
654.00
655.00
655.00
654.00
654.00
654.00
655.00
626.00
629.00
620.00
640.00
604.00
594.00
544.00
608.00
609.00
586.00
647.00
623.00
655.00
655.00
654.00
587.00
655.00
648.00
645.00
593.00
648.00
602.00
622.00
655.00
607.00
581.00
653.00
655.00
622.00
649.00
655.00
619.00
587.00
579.00
610.00
648.00
617.00
619.00
595.00
573.00
644.00
654.00
634.00
625.00
655.00
654.00
631.00
599.00
655.00
655.00
632.00
655.00
655.00
655.00
655.00
655.00
655.00
655.00
632.00
655.00
642.00
585.00
587.00
579.00
589.00
553.00
523.00
581.00
619.00
584.00
568.00
607.00
655.00
655.00
593.00
567.00
633.00
655.00
655.00
655.00
655.00
655.00
655.00
655.00
655.00
655.00
655.00
655.00
653.00
635.00
625.00
602.00
648.00
619.00
590.00
561.00
543.00
580.00
589.00
599.00
616.00
596.00
546.00
556.00
621.00
598.00
587.00
630.00
644.00
650.00
609.00
629.00
637.00
593.00
556.00
527.00
506.00
586.00
559.00
522.00
493.00
603.00
566.00
550.00
527.00
547.00
562.00
594.00
557.00
555.00
571.00
623.00
569.00
522.00
550.00
522.00
559.00
543.00
578.00
643.00
600.00
626.00
630.00
599.00
597.00
634.00
619.00
648.00
621.00
597.00
600.00
575.00
584.00
563.00
546.00
545.00
605.00
628.00
608.00
588.00
600.00
575.00
538.00
527.00
532.00
553.00
572.00
563.00
565.00
621.00
568.00
570.00
590.00
595.00
578.00
565.00
584.00
541.00
551.00
550.00
551.00
541.00
581.00
629.00
610.00
626.00
630.00
600.00
636.00
622.00
567.00
531.00
577.00
545.00
559.00
559.00
553.00
530.00
505.00
486.00
469.00
462.00
494.00
500.00
458.00
447.00
477.00
498.00
552.00
586.00
588.00
640.00
589.00
601.00
580.00
559.00
503.00
483.00
498.00
495.00
491.00
527.00
550.00
497.00
464.00
429.00
495.00
492.00
488.00
471.00
448.00
455.00
483.00
490.00
528.00
557.00
559.00
556.00
541.00
627.00
562.00
546.00
553.00
587.00
594.00
542.00
528.00
570.00
539.00
516.00
513.00
519.00
487.00
527.00
501.00
521.00
515.00
512.00
528.00
529.00
521.00
542.00
520.00
480.00
503.00
592.00
606.00
562.00
604.00
624.00
635.00
585.00
595.00
632.00
610.00
576.00
555.00
555.00
604.00
543.00
553.00
573.00
527.00
533.00
537.00
559.00
537.00
553.00
556.00
564.00
534.00
488.00
478.00
490.00
481.00
491.00
470.00
495.00
540.00
512.00
470.00
465.00
427.00
461.00
461.00
423.00
454.00
439.00
520.00
482.00
457.00
425.00
457.00
435.00
417.00
471.00
461.00
479.00
449.00
454.00
431.00
455.00
495.00
525.00
511.00
545.00
544.00
484.00
454.00
516.00
484.00
477.00
436.00
423.00
412.00
420.00
493.00
444.00
464.00
460.00
476.00
468.00
467.00
442.00
461.00
424.00
509.00
533.00
601.00
654.00
654.00
654.00
654.00
654.00
651.00
645.00
625.00
636.00
655.00
654.00
654.00
626.00
633.00
654.00
646.00
626.00
621.00
595.00
577.00
559.00
586.00
654.00
645.00
625.00
631.00
655.00
654.00
654.00
655.00
655.00
654.00
654.00
619.00
609.00
654.00
655.00
654.00
654.00
655.00
644.00
653.00
654.00
649.00
654.00
654.00
633.00
644.00
620.00
654.00
631.00
593.00
625.00
654.00
654.00
636.00
621.00
612.00
572.00
516.00
595.00
602.00
600.00
618.00
654.00
654.00
635.00
632.00
605.00
584.00
519.00
481.00
476.00
454.00
449.00
445.00
481.00
456.00
428.00
453.00
504.00
475.00
479.00
530.00
494.00
475.00
443.00
418.00
419.00
386.00
416.00
415.00
400.00
477.00
452.00
426.00
455.00
483.00
475.00
537.00
529.00
521.00
514.00
488.00
469.00
503.00
480.00
459.00
454.00
481.00
470.00
481.00
473.00
542.00
566.00
548.00
492.00
462.00
460.00
433.00
462.00
493.00
525.00
509.00
475.00
473.00
522.00
558.00
518.00
482.00
466.00
475.00
452.00
435.00
453.00
417.00
383.00
369.00
346.00
411.00
463.00
506.00
555.00
520.00
475.00
435.00
443.00
450.00
538.00
509.00
484.00
490.00
493.00
476.00
455.00
455.00
449.00
414.00
426.00
403.00
492.00
480.00
479.00
472.00
507.00
536.00
535.00
548.00
572.00
541.00
517.00
496.00
476.00
522.00
511.00
469.00
451.00
460.00
481.00
457.00
419.00
419.00
474.00
438.00
415.00
395.00
387.00
420.00
399.00
416.00
486.00
501.00
483.00
444.00
396.00
423.00
415.00
425.00
403.00
381.00
383.00
441.00
423.00
451.00
417.00
459.00
446.00
414.00
398.00
387.00
396.00
377.00
385.00
447.00
428.00
397.00
391.00
373.00
390.00
403.00
471.00
422.00
394.00
361.00
464.00
423.00
377.00
343.00
379.00
394.00
400.00
405.00
419.00
507.00
491.00
482.00
500.00
469.00
449.00
412.00
405.00
378.00
384.00
370.00
358.00
388.00
376.00
379.00
430.00
406.00
403.00
371.00
367.00
381.00
384.00
416.00
431.00
409.00
459.00
503.00
510.00
516.00
478.00
448.00
426.00
429.00
399.00
404.00
433.00
400.00
444.00
425.00
403.00
393.00
467.00
452.00
429.00
404.00
419.00
408.00
411.00
380.00
368.00
381.00
343.00
335.00
348.00
352.00
358.00
402.00
397.00
398.00
448.00
519.00
480.00
472.00
521.00
564.00
525.00
530.00
605.00
570.00
537.00
476.00
457.00
535.00
503.00
477.00
475.00
443.00
469.00
526.00
504.00
472.00
491.00
478.00
459.00
474.00
441.00
462.00
472.00
425.00
459.00
470.00
502.00
452.00
455.00
427.00
470.00
492.00
486.00
454.00
453.00
484.00
452.00
438.00
488.00
460.00
409.00
382.00
344.00
318.00
336.00
404.00
422.00
415.00
415.00
403.00
399.00
431.00
414.00
411.00
445.00
473.00
463.00
420.00
409.00
399.00
360.00
356.00
386.00
390.00
421.00
427.00
415.00
413.00
450.00
429.00
406.00
365.00
359.00
400.00
368.00
368.00
374.00
362.00
430.00
437.00
473.00
477.00
473.00
462.00
434.00
422.00
442.00
441.00
431.00
424.00
403.00
371.00
374.00
387.00
415.00
410.00
397.00
367.00
361.00
388.00
408.00
455.00
474.00
496.00
470.00
485.00
497.00
456.00
434.00
530.00
549.00
534.00
498.00
498.00
472.00
435.00
458.00
471.00
496.00
471.00
474.00
434.00
390.00
438.00
463.00
479.00
501.00
492.00
499.00
494.00
545.00
560.00
522.00
555.00
565.00
565.00
520.00
510.00
501.00
543.00
529.00
545.00
528.00
543.00
523.00
499.00
526.00
512.00
485.00
549.00
523.00
576.00
581.00
568.00
566.00
552.00
507.00
636.00
653.00
654.00
654.00
653.00
654.00
654.00
621.00
552.00
613.00
652.00
595.00
587.00
591.00
557.00
619.00
571.00
568.00
631.00
581.00
578.00
557.00
595.00
606.00
653.00
643.00
596.00
653.00
646.00
615.00
618.00
653.00
649.00
638.00
653.00
610.00
566.00
578.00
623.00
640.00
609.00
598.00
640.00
620.00
564.00
508.00
577.00
599.00
558.00
576.00
602.00
564.00
537.00
579.00
575.00
535.00
529.00
598.00
578.00
543.00
513.00
472.00
498.00
587.00
634.00
569.00
541.00
525.00
531.00
505.00
475.00
476.00
495.00
526.00
495.00
522.00
525.00
520.00
502.00
486.00
510.00
566.00
557.00
536.00
491.00
554.00
553.00
565.00
530.00
590.00
606.00
611.00
576.00
533.00
497.00
631.00
653.00
620.00
587.00
566.00
591.00
634.00
617.00
560.00
578.00
559.00
576.00
518.00
505.00
516.00
494.00
464.00
434.00
433.00
422.00
439.00
426.00
402.00
469.00
533.00
485.00
438.00
444.00
425.00
393.00
371.00
342.00
423.00
400.00
374.00
426.00
411.00
411.00
438.00
434.00
420.00
485.00
463.00
439.00
399.00
430.00
523.00
519.00
496.00
483.00
547.00
533.00
514.00
544.00
504.00
503.00
494.00
476.00
434.00
425.00
426.00
398.00
398.00
424.00
446.00
438.00
448.00
466.00
436.00
409.00
385.00
433.00
420.00
422.00
429.00
413.00
460.00
438.00
475.00
488.00
465.00
457.00
462.00
481.00
477.00
511.00
474.00
502.00
481.00
473.00
457.00
431.00
490.00
480.00
454.00
415.00
398.00
373.00
386.00
383.00
390.00
369.00
349.00
398.00
369.00
444.00
434.00
414.00
451.00
486.00
456.00
419.00
390.00
386.00
464.00
496.00
519.00
560.00
567.00
586.00
540.00
549.00
577.00
541.00
564.00
527.00
511.00
515.00
516.00
536.00
524.00
511.00
515.00
525.00
517.00
488.00
475.00
440.00
469.00
444.00
454.00
448.00
416.00
424.00
450.00
510.00
506.00
493.00
554.00
578.00
545.00
497.00
503.00
539.00
517.00
540.00
512.00
508.00
471.00
473.00
525.00
570.00
540.00
514.00
534.00
511.00
464.00
497.00
513.00
542.00
526.00
537.00
515.00
523.00
498.00
501.00
451.00
488.00
484.00
456.00
426.00
417.00
380.00
388.00
451.00
465.00
442.00
426.00
448.00
450.00
531.00
621.00
647.00
653.00
611.00
608.00
599.00
620.00
604.00
615.00
582.00
595.00
550.00
525.00
531.00
506.00
490.00
485.00
485.00
479.00
495.00
542.00
553.00
654.00
654.00
651.00
618.00
654.00
650.00
654.00
654.00
654.00
654.00
654.00
654.00
654.00
654.00
654.00
654.00
654.00
654.00
654.00
654.00
654.00
654.00
654.00
654.00
654.00
654.00
654.00
654.00
654.00
654.00
654.00
654.00
654.00
654.00
654.00
654.00
654.00
654.00
654.00
654.00
654.00
654.00
654.00
654.00
654.00
654.00
654.00
654.00
654.00
654.00
654.00
654.00
654.00
654.00
654.00
654.00
654.00
654.00
654.00
654.00
654.00
654.00
650.00
654.00
654.00
654.00
654.00
654.00
654.00
654.00
641.00
654.00
652.00
632.00
607.00
608.00
605.00
544.00
520.00
546.00
524.00
542.00
523.00
506.00
528.00
518.00
516.00
478.00
435.00
416.00
462.00
527.00
580.00
603.00
556.00
523.00
534.00
560.00
539.00
487.00
475.00
459.00
505.00
498.00
501.00
525.00
535.00
572.00
586.00
582.00
572.00
542.00
595.00
600.00
551.00
625.00
641.00
583.00
530.00
542.00
575.00
607.00
654.00
654.00
637.00
621.00
593.00
578.00
539.00
516.00
529.00
542.00
523.00
556.00
618.00
606.00
654.00
615.00
631.00
654.00
654.00
654.00
650.00
603.00
654.00
654.00
583.00
535.00
517.00
570.00
567.00
594.00
594.00
654.00
654.00
654.00
645.00
654.00
655.00
654.00
654.00
605.00
654.00
654.00
655.00
654.00
610.00
612.00
607.00
606.00
595.00
632.00
595.00
655.00
631.00
588.00
644.00
626.00
609.00
601.00
654.00
654.00
613.00
555.00
591.00
628.00
654.00
654.00
654.00
654.00
654.00
654.00
654.00
628.00
654.00
654.00
603.00
628.00
604.00
594.00
592.00
536.00
595.00
593.00
589.00
578.00
638.00
619.00
599.00
653.00
642.00
626.00
591.00
641.00
654.00
655.00
654.00
654.00
654.00
654.00
654.00
655.00
654.00
654.00
655.00
654.00
654.00
654.00
655.00
654.00
654.00
654.00
654.00
612.00
637.00
654.00
654.00
654.00
654.00
654.00
655.00
636.00
607.00
654.00
654.00
637.00
594.00
652.00
631.00
630.00
623.00
630.00
654.00
654.00
655.00
652.00
607.00
632.00
584.00
531.00
499.00
494.00
567.00
549.00
522.00
483.00
447.00
444.00
423.00
562.00
610.00
589.00
651.00
654.00
655.00
637.00
598.00
552.00
538.00
529.00
499.00
447.00
508.00
512.00
524.00
529.00
519.00
566.00
535.00
505.00
478.00
439.00
485.00
465.00
483.00
442.00
435.00
494.00
522.00
587.00
534.00
524.00
611.00
616.00
588.00
538.00
491.00
472.00
494.00
539.00
519.00
486.00
459.00
576.00
552.00
519.00
516.00
515.00
541.00
517.00
475.00
528.00
520.00
507.00
505.00
542.00
512.00
484.00
513.00
543.00
602.00
565.00
527.00
506.00
512.00
493.00
496.00
527.00
500.00
480.00
471.00
439.00
440.00
463.00
426.00
400.00
450.00
432.00
408.00
456.00
457.00
427.00
414.00
425.00
503.00
513.00
542.00
547.00
621.00
588.00
631.00
606.00
609.00
579.00
551.00
518.00
481.00
461.00
462.00
538.00
550.00
557.00
532.00
515.00
481.00
461.00
446.00
488.00
566.00
555.00
596.00
580.00
654.00
654.00
642.00
651.00
575.00
581.00
595.00
552.00
523.00
500.00
495.00
524.00
524.00
472.00
470.00
496.00
464.00
440.00
457.00
482.00
489.00
517.00
557.00
500.00
464.00
417.00
430.00
440.00
444.00
485.00
484.00
441.00
444.00
434.00
423.00
433.00
431.00
483.00
490.00
536.00
518.00
523.00
497.00
466.00
507.00
532.00
528.00
507.00
520.00
477.00
426.00
423.00
390.00
425.00
394.00
399.00
431.00
428.00
425.00
482.00
462.00
482.00
460.00
427.00
416.00
460.00
478.00
509.00
486.00
462.00
459.00
497.00
548.00
539.00
526.00
513.00
538.00
528.00
580.00
554.00
532.00
625.00
655.00
654.00
655.00
655.00
654.00
655.00
652.00
651.00
614.00
651.00
655.00
654.00
630.00
654.00
655.00
654.00
648.00
604.00
590.00
558.00
582.00
591.00
609.00
601.00
560.00
560.00
602.00
592.00
558.00
551.00
537.00
512.00
483.00
517.00
571.00
655.00
655.00
655.00
654.00
654.00
655.00
638.00
595.00
655.00
645.00
600.00
534.00
580.00
612.00
587.00
545.00
521.00
562.00
579.00
596.00
545.00
517.00
560.00
512.00
465.00
415.00
482.00
487.00
455.00
418.00
429.00
401.00
476.00
548.00
536.00
541.00
596.00
564.00
580.00
566.00
601.00
631.00
642.00
638.00
592.00
589.00
544.00
547.00
548.00
514.00
506.00
507.00
542.00
568.00
552.00
499.00
447.00
465.00
474.00
445.00
471.00
493.00
508.00
617.00
616.00
610.00
562.00
584.00
579.00
536.00
546.00
592.00
545.00
511.00
473.00
446.00
460.00
424.00
470.00
478.00
486.00
501.00
520.00
485.00
461.00
525.00
516.00
531.00
481.00
437.00
462.00
458.00
505.00
537.00
655.00
646.00
655.00
655.00
655.00
655.00
654.00
655.00
654.00
655.00
647.00
617.00
575.00
524.00
501.00
484.00
467.00
447.00
483.00
524.00
486.00
465.00
488.00
459.00
472.00
490.00
497.00
517.00
484.00
497.00
499.00
495.00
459.00
432.00
448.00
429.00
402.00
396.00
413.00
394.00
392.00
394.00
380.00
430.00
447.00
423.00
460.00
418.00
436.00
452.00
440.00
469.00
478.00
517.00
530.00
513.00
478.00
476.00
496.00
483.00
467.00
531.00
524.00
532.00
577.00
548.00
571.00
574.00
581.00
563.00
553.00
601.00
616.00
576.00
554.00
553.00
529.00
536.00
587.00
522.00
580.00
572.00
557.00
549.00
557.00
540.00
562.00
556.00
570.00
588.00
557.00
578.00
564.00
547.00
595.00
583.00
606.00
595.00
555.00
528.00
506.00
486.00
470.00
453.00
432.00
434.00
408.00
420.00
419.00
417.00
505.00
495.00
493.00
511.00
467.00
481.00
467.00
452.00
460.00
470.00
440.00
477.00
480.00
573.00
547.00
519.00
524.00
511.00
544.00
526.00
473.00
449.00
438.00
448.00
424.00
408.00
421.00
471.00
420.00
446.00
425.00
406.00
445.00
513.00
544.00
547.00
593.00
609.00
596.00
581.00
601.00
559.00
519.00
485.00
474.00
476.00
554.00
529.00
541.00
540.00
507.00
485.00
494.00
457.00
480.00
455.00
441.00
449.00
433.00
460.00
434.00
452.00
430.00
534.00
512.00
493.00
482.00
521.00
542.00
575.00
616.00
588.00
584.00
584.00
533.00
562.00
513.00
559.00
619.00
575.00
552.00
510.00
546.00
579.00
590.00
534.00
492.00
471.00
468.00
440.00
429.00
453.00
448.00
502.00
522.00
531.00
520.00
563.00
577.00
522.00
492.00
497.00
471.00
504.00
472.00
477.00
473.00
491.00
466.00
439.00
483.00
520.00
491.00
453.00
426.00
450.00
421.00
376.00
439.00
394.00
373.00
385.00
388.00
401.00
414.00
474.00
491.00
547.00
517.00
512.00
521.00
525.00
594.00
595.00
549.00
512.00
466.00
489.00
549.00
507.00
494.00
476.00
501.00
522.00
517.00
496.00
529.00
558.00
515.00
495.00
498.00
452.00
498.00
509.00
460.00
436.00
444.00
431.00
420.00
398.00
409.00
414.00
487.00
458.00
459.00
430.00
483.00
461.00
449.00
433.00
423.00
406.00
397.00
407.00
406.00
487.00
445.00
441.00
398.00
477.00
441.00
422.00
465.00
553.00
507.00
492.00
497.00
546.00
527.00
537.00
528.00
510.00
533.00
565.00
655.00
655.00
652.00
634.00
652.00
650.00
624.00
613.00
595.00
543.00
544.00
524.00
553.00
584.00
600.00
604.00
598.00
602.00
592.00
604.00
547.00
582.00
565.00
530.00
487.00
524.00
576.00
602.00
557.00
508.00
550.00
499.00
486.00
473.00
429.00
492.00
443.00
446.00
434.00
408.00
403.00
424.00
405.00
400.00
401.00
412.00
377.00
363.00
526.00
655.00
655.00
655.00
655.00
654.00
655.00
655.00
654.00
655.00
655.00
654.00
655.00
655.00
647.00
641.00
654.00
655.00
654.00
655.00
654.00
655.00
654.00
655.00
654.00
654.00
655.00
655.00
655.00
654.00
654.00
654.00
654.00
646.00
652.00
600.00
655.00
655.00
655.00
655.00
655.00
655.00
655.00
655.00
654.00
655.00
655.00
652.00
652.00
654.00
654.00
655.00
655.00
649.00
654.00
655.00
654.00
655.00
647.00
655.00
655.00
655.00
655.00
649.00
641.00
585.00
535.00
610.00
655.00
622.00
591.00
575.00
558.00
536.00
567.00
511.00
506.00
540.00
561.00
579.00
554.00
522.00
482.00
542.00
594.00
566.00
623.00
602.00
582.00
565.00
563.00
553.00
509.00
505.00
487.00
433.00
413.00
435.00
415.00
394.00
449.00
422.00
42